dim 500 500 500

putellipsoid 12 18 1 9 6 1 1 0.7961 0.4667 1

putbox 6 17 0 1 0 2 0.168 0.233 0.184 1

putbox 7 16 1 3 0 2 0 0 0 1
cutbox 11 11 1 3 0 2
putbox 6 7 1 2 0 2 0 0 0 1
putbox 16 17 1 2 0 2 0 0 0 1

putbox 9 11 3 7 0 2 0.192 0.192 0.192 1
putbox 8 9 3 4 0 2 0.192 0.192 0.192 1
putbox 12 14 3 6 0 2 0.192 0.192 0.192 1
putbox 14 15 3 4 0 2 0.192 0.192 0.192 1
putbox 12 13 6 7 0 2 0.192 0.192 0.192 1
putbox 10 13 7 8 0 2 0.192 0.192 0.192 1

putbox 7 9 4 7 0 2 0 0 0 1
putbox 14 16 4 7 0 2 0 0 0 1
putbox 8 9 7 9 0 2 0 0 0 1
putbox 13 14 6 7 0 2 0 0 0 1

putbox 10 13 7 13 0 1 0 0 0 1
putbox 9 10 7 13 0 2 0 0 0 1
putbox 8 9 12 13 0 2 0 0 0 1
putbox 7 9 10 12 0 2 0 0 0 1
putbox 6 8 9 11 0 2 0 0 0 1
putbox 5 7 8 9 0 2 0 0 0 1
putbox 4 6 9 10 0 2 1 0.7961 0.4667 1
putbox 5 6 10 11 0 2 1 0.7961 0.4667 1
putbox 4 5 10 11 0 2 0.5882 0.2941 0 1
putbox 3 4 11 12 0 2 0.5882 0.2941 0 1
putbox 2 3 12 13 0 2 0.5882 0.2941 0 1
putbox 1  2 13 14 0 2 0.5882 0.2941 0 1
putbox 0 1 14 15 0 2 0.5882 0.2941 0 1

putbox 10 13 8 11 1 2 0.502 0.502 0.502 1
putbox 10 11 11 12 1 2 0.502 0.502 0.502 1
putbox 12 13 11 12 1 2 0.502 0.502 0.502 1
putbox 10 11 12 13 1 2 1 1 1 1
putbox 12 13 12 13 1 2 1 1 1 1
putbox 11 12 11 12 1 2 1 1 1 1
putbox 11 12 12 13 1 2 1 0 0 1


putbox 13 15 7 13 0 2 0 0 0 1
putbox 15 17 9 11 0 2 0 0 0 1
putbox 15 16 11 13 0 2 0 0 0 1
putbox 15 17 8 9 0 2 1 0.7961 0.4667 1
putbox 16 17 7 8 0 2 1 0.7961 0.4667 1

cutvoxel 12 18 2

putbox 7 9 18 20 1 2 0 0 0 1
putbox 14 16 18 20 1 2 0 0 0 1
putbox 5 6 17 21 1 2 0.4 0.4 0.4 1
putbox 6 10 16 17 1 2 0.4 0.4 0.4 1
putbox 10 11 17 21 1 2 0.4 0.4 0.4 1
putbox 6 10 21 22 1 2 0.4 0.4 0.4 1
putbox 12 13 17 21 1 2 0.4 0.4 0.4 1
putbox 13 17 16 17 1 2 0.4 0.4 0.4 1
putbox 17 18 17 21 1 2 0.4 0.4 0.4 1
putbox 13 17 21 22 1 2 0.4 0.4 0.4 1
putbox 13 17 16 17 1 2 0.4 0.4 0.4 1
putbox 11 12 19 20 1 2 0.4 0.4 0.4 1
putbox 4 5 19 20 1 2 0.4 0.4 0.4 1
putbox 18 19 19 20 1 2 0.4 0.4 0.4 1

putbox 3 5 19 24 0 2 0 0 0 1
putbox 3 4 18 19 0 2 0 0 0 1
putbox 3 21 23 26 0 2 0 0 0 1
putbox 4 5 21 22 0 2 0 0 0 1
putbox 20 22 18 24 0 2 0 0 0 1
putbox 16 20 22 23 0 2 0 0 0 1
putbox 19 20 20 22 0 2 0 0 0 1
putbox 5 6 22 23 0 2 0 0 0 1
cutbox 3 4 25 26 0 2
cutbox 20 21 25 26 0 2 0 0 0 1
cutbox 21 22 18 19 0 2
putbox 6 18 26 27 0 2 0 0 0 1
putbox 13 15 22 23 0 2 0 0 0 1
putbox 3 21 18 24 0 1 0 0 0 1

putbox 6 8 22 23 1 2 1 0.7961 0.4667 1
putbox 7 8 23 24 1 2 1 0.7961 0.4667 1
putbox 14 15 22 23 1 2 1 0.7961 0.4667 1

putsphere 20 10 1 1 1 0.7961 0 1
